120732264.000	6.000
0.000	-13.000
0.002	-13.000
0.004	-13.000
0.006	-14.000
0.008	-14.000
0.010	-14.000
0.012	-13.000
0.014	-13.000
0.016	-12.000
0.018	-12.000
0.020	-12.000
0.022	-12.000
0.024	-11.000
0.026	-11.000
0.028	-12.000
0.030	-11.000
0.032	-11.000
0.034	-11.000
0.036	-10.000
0.038	-11.000
0.040	-10.000
0.042	-10.000
0.044	-10.000
0.046	-10.000
0.048	-10.000
0.050	-11.000
0.052	-11.000
0.054	-11.000
0.056	-12.000
0.058	-12.000
0.060	-12.000
0.062	-13.000
0.064	-13.000
0.066	-13.000
0.068	-13.000
0.070	-12.000
0.072	-13.000
0.074	-11.000
0.076	-12.000
0.078	-12.000
0.080	-11.000
0.082	-11.000
0.084	-11.000
0.086	-12.000
0.088	-11.000
0.090	-11.000
0.092	-11.000
0.094	-12.000
0.096	-11.000
0.098	-11.000
0.100	-11.000
0.102	-11.000
0.104	-11.000
0.106	-11.000
0.108	-11.000
0.110	-11.000
0.113	-11.000
0.115	-12.000
0.117	-12.000
0.119	-12.000
0.121	-12.000
0.123	-12.000
0.125	-12.000
0.127	-11.000
0.129	-12.000
0.131	-11.000
0.133	-11.000
0.135	-11.000
0.137	-12.000
0.140	-11.000
0.142	-11.000
0.144	-11.000
0.146	-12.000
0.148	-12.000
0.150	-12.000
0.152	-12.000
0.154	-12.000
0.156	-12.000
0.158	-12.000
0.160	-12.000
0.162	-12.000
0.164	-11.000
0.166	-12.000
0.168	-10.000
0.170	-10.000
0.172	-10.000
0.174	-9.000
0.176	-9.000
0.178	-8.000
0.180	-8.000
0.182	-8.000
0.184	-8.000
0.186	-8.000
0.188	-8.000
0.190	-8.000
0.192	-7.000
0.194	-7.000
0.196	-7.000
0.198	-7.000
0.200	-7.000
0.202	-7.000
0.204	-8.000
0.206	-7.000
0.208	-7.000
0.210	-8.000
0.212	-8.000
0.214	-7.000
0.216	-8.000
0.218	-8.000
0.220	-9.000
0.222	-8.000
0.224	-8.000
0.226	-9.000
0.228	-9.000
0.230	-8.000
0.232	-10.000
0.234	-9.000
0.236	-9.000
0.238	-9.000
0.240	-9.000
0.242	-10.000
0.244	-9.000
0.246	-9.000
0.248	-9.000
0.250	-9.000
0.252	-8.000
0.254	-8.000
0.256	-7.000
0.258	-7.000
0.260	-7.000
0.262	-7.000
0.264	-7.000
0.266	-6.000
0.268	-8.000
0.270	-6.000
0.272	-7.000
0.274	-6.000
0.276	-6.000
0.278	-6.000
0.280	-6.000
0.282	-6.000
0.284	-6.000
0.286	-6.000
0.288	-6.000
0.290	-7.000
0.292	-7.000
0.294	-7.000
0.296	-7.000
0.298	-8.000
0.300	-8.000
0.302	-8.000
0.304	-8.000
0.306	-9.000
0.308	-7.000
0.310	-10.000
0.312	-9.000
0.314	-9.000
0.316	-10.000
0.318	-9.000
0.320	-10.000
0.322	-10.000
0.324	-10.000
0.326	-10.000
0.328	-9.000
0.330	-10.000
0.332	-9.000
0.334	-8.000
0.336	-8.000
0.337	-7.000
0.339	-7.000
0.341	-6.000
0.343	-5.000
0.345	-6.000
0.347	-4.000
0.349	-5.000
0.351	-4.000
0.353	-4.000
0.356	-5.000
0.359	-4.000
0.361	-5.000
0.363	-5.000
0.365	-6.000
0.367	-5.000
0.369	-7.000
0.372	-6.000
0.373	-7.000
0.375	-7.000
0.377	-8.000
0.381	-8.000
0.390	-7.000
0.397	-8.000
0.405	-9.000
0.413	-8.000
0.421	-8.000
0.429	-8.000
0.437	-8.000
0.445	-8.000
0.453	-8.000
0.461	-8.000
0.469	-8.000
0.478	-8.000
0.485	-8.000
0.493	-8.000
0.501	-7.000
0.510	-6.000
0.517	-7.000
0.526	-4.000
0.533	-5.000
0.541	-3.000
0.550	-3.000
0.557	-3.000
0.565	-2.000
0.574	-2.000
0.581	-1.000
0.589	-2.000
0.597	-1.000
0.605	-2.000
0.613	-2.000
0.621	-3.000
0.629	-3.000
0.638	-3.000
0.646	-3.000
0.654	-4.000
0.661	-4.000
0.669	-4.000
0.678	-4.000
0.685	-4.000
0.694	-5.000
0.701	-5.000
0.709	-6.000
0.717	-5.000
0.726	-5.000
0.733	-6.000
0.741	-6.000
0.749	-6.000
0.757	-5.000
0.765	-6.000
0.773	-6.000
0.781	-6.000
0.789	-7.000
0.797	-6.000
0.805	-6.000
0.813	-7.000
0.821	-6.000
0.829	-7.000
0.837	-6.000
0.845	-6.000
0.853	-6.000
0.861	-6.000
0.870	-6.000
0.877	-5.000
0.886	-6.000
0.893	-5.000
0.901	-6.000
0.910	-5.000
0.917	-4.000
0.925	-4.000
0.933	-3.000
0.941	-3.000
0.949	-2.000
0.957	-2.000
0.965	-1.000
0.973	0.000
0.982	-1.000
0.989	-1.000
0.997	0.000
1.005	-1.000
1.013	-1.000
1.021	-1.000
1.029	-2.000
1.037	-1.000
1.046	-2.000
1.053	-2.000
1.061	-2.000
1.069	-2.000
1.078	-3.000
1.085	-2.000
1.093	-3.000
1.101	-3.000
1.109	-3.000
1.117	-2.000
1.125	-4.000
1.133	-3.000
1.141	-3.000
1.149	-3.000
1.157	-3.000
1.165	-3.000
1.173	-4.000
1.181	-3.000
1.189	-4.000
1.197	-4.000
1.205	-4.000
1.213	-4.000
1.221	-4.000
1.229	-3.000
1.238	-3.000
1.245	-2.000
1.253	-2.000
1.261	-2.000
1.269	-1.000
1.278	-1.000
1.285	-1.000
1.293	-1.000
1.301	0.000
1.309	0.000
1.317	0.000
1.325	0.000
1.333	0.000
1.342	0.000
1.349	0.000
1.357	0.000
1.365	0.000
1.373	-1.000
1.381	-1.000
1.389	0.000
1.397	-1.000
1.405	-1.000
1.413	-1.000
1.421	-1.000
1.429	-2.000
1.437	-1.000
1.445	-1.000
1.453	-1.000
1.461	-2.000
1.469	-1.000
1.478	-1.000
1.485	-2.000
1.493	-1.000
1.501	-2.000
1.509	-2.000
1.518	-2.000
1.525	-2.000
1.534	-2.000
1.541	-2.000
1.549	-1.000
1.557	-2.000
1.565	-1.000
1.573	-2.000
1.581	-2.000
1.589	-1.000
1.597	-3.000
1.605	-2.000
1.613	-2.000
1.621	-3.000
1.629	-3.000
1.637	-2.000
1.645	-2.000
1.653	-2.000
1.661	-2.000
1.669	-2.000
1.678	-2.000
1.685	-2.000
1.693	-2.000
1.701	-2.000
1.709	-3.000
1.717	-2.000
1.726	-3.000
1.733	-2.000
1.742	-2.000
1.749	-2.000
1.757	-3.000
1.766	-2.000
1.774	-3.000
1.781	-2.000
1.789	-3.000
1.797	-3.000
1.806	-2.000
1.813	-4.000
1.822	-4.000
1.829	-4.000
1.837	-4.000
1.845	-4.000
1.853	-5.000
1.862	-4.000
1.869	-4.000
1.877	-4.000
1.886	-4.000
1.893	-3.000
1.901	-4.000
1.910	-3.000
1.918	-3.000
1.926	-2.000
1.933	-4.000
1.941	-2.000
1.949	-3.000
1.957	-3.000
1.965	-2.000
1.974	-2.000
1.981	-2.000
1.989	-2.000
1.998	-2.000
2.005	-2.000
2.014	-1.000
2.021	-1.000
2.029	-1.000
2.037	-1.000
2.046	-1.000
2.053	-2.000
2.061	-1.000
2.069	-1.000
2.077	-2.000
2.085	-1.000
2.093	-2.000
2.102	-1.000
2.109	-1.000
2.117	-1.000
2.125	-1.000
2.134	-1.000
2.141	-1.000
2.149	0.000
2.157	-1.000
2.165	-1.000
2.173	-1.000
2.181	-1.000
2.189	-2.000
2.197	-1.000
2.205	-1.000
2.213	0.000
2.221	-1.000
2.229	-1.000
2.237	-1.000
2.245	0.000
2.253	-1.000
2.261	0.000
2.270	-1.000
2.277	0.000
2.285	-1.000
2.293	-1.000
2.301	-1.000
2.309	-2.000
2.318	-1.000
2.325	-2.000
2.333	-1.000
2.341	-2.000
2.349	-1.000
2.357	-2.000
2.365	-1.000
2.373	-1.000
2.381	-2.000
2.389	-1.000
2.397	-2.000
2.406	-2.000
2.413	-2.000
2.422	-2.000
2.430	-2.000
2.437	-2.000
2.445	-3.000
2.454	-3.000
2.461	-2.000
2.469	-4.000
2.477	-3.000
2.485	-3.000
2.494	-4.000
2.501	-3.000
2.509	-4.000
2.517	-5.000
2.526	-4.000
2.533	-5.000
2.541	-5.000
2.549	-6.000
2.558	-5.000
2.565	-6.000
2.573	-6.000
2.582	-6.000
2.589	-7.000
2.597	-7.000
2.606	-7.000
2.613	-8.000
2.622	-7.000
2.629	-8.000
2.638	-8.000
2.646	-8.000
2.653	-8.000
2.662	-9.000
2.669	-8.000
2.677	-8.000
2.685	-8.000
2.694	-7.000
2.701	-7.000
2.709	-7.000
2.717	-7.000
2.725	-6.000
2.733	-6.000
2.742	-7.000
2.749	-6.000
2.757	-6.000
2.765	-7.000
2.774	-6.000
2.782	-7.000
2.789	-7.000
2.797	-7.000
2.806	-6.000
2.813	-8.000
2.821	-7.000
2.829	-8.000
2.837	-8.000
2.846	-8.000
2.853	-9.000
2.861	-9.000
2.869	-10.000
2.878	-10.000
2.885	-10.000
2.894	-10.000
2.901	-10.000
2.909	-11.000
2.918	-11.000
2.925	-11.000
2.933	-11.000
2.941	-12.000
2.949	-12.000
2.957	-12.000
2.965	-12.000
2.973	-12.000
2.981	-12.000
2.989	-12.000
2.997	-12.000
3.005	-12.000
3.013	-12.000
3.021	-12.000
3.029	-13.000
3.037	-13.000
3.046	-13.000
3.053	-14.000
3.061	-14.000
3.069	-15.000
3.078	-14.000
3.085	-16.000
3.094	-14.000
3.101	-15.000
3.109	-14.000
3.118	-14.000
3.125	-15.000
3.133	-14.000
3.141	-14.000
3.149	-16.000
3.157	-15.000
3.166	-15.000
3.173	-16.000
3.181	-16.000
3.189	-16.000
3.197	-16.000
3.205	-15.000
3.213	-15.000
3.222	-15.000
3.230	-14.000
3.237	-14.000
3.246	-14.000
3.253	-13.000
3.261	-14.000
3.269	-13.000
3.278	-13.000
3.285	-12.000
3.293	-13.000
3.301	-12.000
3.309	-12.000
3.317	-12.000
3.325	-12.000
3.333	-13.000
3.341	-13.000
3.349	-13.000
3.357	-14.000
3.365	-15.000
3.373	-15.000
3.381	-14.000
3.389	-16.000
3.397	-14.000
3.406	-14.000
3.414	-15.000
3.421	-13.000
3.429	-14.000
3.437	-14.000
3.445	-13.000
3.453	-13.000
3.461	-13.000
3.469	-13.000
3.477	-12.000
3.485	-13.000
3.494	-12.000
3.502	-12.000
3.510	-12.000
3.518	-11.000
3.525	-12.000
3.533	-12.000
3.541	-11.000
3.549	-13.000
3.558	-12.000
3.565	-13.000
3.573	-13.000
3.581	-14.000
3.590	-14.000
3.597	-14.000
3.606	-14.000
3.614	-14.000
3.622	-13.000
3.629	-13.000
3.637	-13.000
3.646	-12.000
3.653	-13.000
3.662	-12.000
3.669	-12.000
3.678	-11.000
3.685	-11.000
3.694	-12.000
3.702	-11.000
3.709	-11.000
3.717	-11.000
3.726	-11.000
3.734	-10.000
3.741	-11.000
3.749	-11.000
3.757	-11.000
3.765	-11.000
3.773	-12.000
3.781	-11.000
3.789	-13.000
3.797	-12.000
3.805	-13.000
3.813	-13.000
3.821	-13.000
3.829	-14.000
3.837	-13.000
3.846	-13.000
3.853	-13.000
3.861	-12.000
3.870	-12.000
3.877	-12.000
3.886	-12.000
3.894	-12.000
3.901	-11.000
3.910	-11.000
3.918	-11.000
3.925	-11.000
3.933	-10.000
3.941	-10.000
3.950	-11.000
3.957	-10.000
3.965	-10.000
3.973	-10.000
3.981	-10.000
3.989	-10.000
3.997	-10.000
4.005	-10.000
4.013	-11.000
4.021	-10.000
4.030	-11.000
4.037	-11.000
4.045	-12.000
4.053	-13.000
4.061	-13.000
4.069	-13.000
4.078	-14.000
4.085	-13.000
4.093	-14.000
4.101	-12.000
4.109	-12.000
4.117	-12.000
4.125	-12.000
4.134	-12.000
4.141	-11.000
4.149	-11.000
4.157	-11.000
4.165	-11.000
4.173	-10.000
4.181	-11.000
4.190	-11.000
4.197	-10.000
4.205	-10.000
4.213	-11.000
4.221	-10.000
4.229	-11.000
4.237	-10.000
4.245	-11.000
4.253	-11.000
4.261	-11.000
4.269	-11.000
4.278	-11.000
4.285	-12.000
4.294	-13.000
4.301	-12.000
4.309	-12.000
4.317	-12.000
4.326	-11.000
4.333	-11.000
4.341	-12.000
4.349	-11.000
4.357	-11.000
4.365	-12.000
4.373	-12.000
4.381	-12.000
4.389	-12.000
4.397	-13.000
4.405	-13.000
4.414	-12.000
4.422	-13.000
4.429	-13.000
4.438	-12.000
4.445	-13.000
4.453	-12.000
4.461	-12.000
4.470	-11.000
4.478	-11.000
4.485	-11.000
4.494	-11.000
4.501	-11.000
4.509	-10.000
4.518	-10.000
4.525	-10.000
4.533	-10.000
4.541	-10.000
4.550	-10.000
4.557	-10.000
4.565	-9.000
4.573	-10.000
4.581	-10.000
4.589	-10.000
4.597	-10.000
4.605	-11.000
4.613	-10.000
4.622	-10.000
4.629	-11.000
4.637	-11.000
4.645	-12.000
4.653	-11.000
4.661	-12.000
4.669	-13.000
4.678	-11.000
4.686	-12.000
4.693	-12.000
4.701	-11.000
4.709	-11.000
4.717	-10.000
4.725	-10.000
4.733	-8.000
4.741	-9.000
4.749	-7.000
4.757	-7.000
4.765	-6.000
4.773	-6.000
4.781	-6.000
4.789	-4.000
4.797	-5.000
4.806	-4.000
4.813	-4.000
4.821	-5.000
4.830	-4.000
4.838	-4.000
4.846	-5.000
4.853	-5.000
4.861	-5.000
4.869	-5.000
4.877	-6.000
4.885	-7.000
4.893	-6.000
4.902	-7.000
4.910	-8.000
4.917	-7.000
4.925	-9.000
4.934	-8.000
4.941	-9.000
4.949	-9.000
4.957	-10.000
4.965	-10.000
4.973	-10.000
4.981	-10.000
4.989	-10.000
4.997	-10.000
5.005	-10.000
5.014	-10.000
5.022	-9.000
5.029	-9.000
5.037	-9.000
5.046	-7.000
5.053	-7.000
5.061	-6.000
5.069	-5.000
5.077	-5.000
5.085	-4.000
5.093	-3.000
5.101	-3.000
5.110	-3.000
5.117	-3.000
5.125	-2.000
5.133	-3.000
5.142	-3.000
5.149	-3.000
5.157	-3.000
5.165	-4.000
5.173	-5.000
5.181	-5.000
5.189	-5.000
5.197	-5.000
5.206	-6.000
5.213	-7.000
5.222	-6.000
5.229	-7.000
5.238	-8.000
5.245	-7.000
5.253	-8.000
5.261	-9.000
5.269	-9.000
5.278	-8.000
5.285	-10.000
5.294	-9.000
5.302	-10.000
5.309	-10.000
5.318	-10.000
5.325	-11.000
5.333	-10.000
5.341	-11.000
5.349	-10.000
5.357	-10.000
5.365	-9.000
5.373	-10.000
5.381	-8.000
5.389	-8.000
5.398	-8.000
5.405	-6.000
5.413	-6.000
5.422	-4.000
5.429	-5.000
5.437	-4.000
5.445	-3.000
5.453	-4.000
5.462	-2.000
5.470	-3.000
5.478	-3.000
5.485	-3.000
5.493	-3.000
5.501	-3.000
5.510	-3.000
5.517	-3.000
5.525	-3.000
5.533	-4.000
5.541	-4.000
5.549	-4.000
5.557	-4.000
5.565	-4.000
5.573	-4.000
5.581	-5.000
5.589	-4.000
5.597	-5.000
5.605	-4.000
5.614	-4.000
5.621	-5.000
5.630	-5.000
5.637	-5.000
5.646	-5.000
5.653	-6.000
5.661	-5.000
5.669	-5.000
5.677	-5.000
5.685	-5.000
5.693	-6.000
5.701	-5.000
5.709	-5.000
5.717	-5.000
5.725	-5.000
5.733	-5.000
5.741	-6.000
5.749	-5.000
5.757	-5.000
5.765	-5.000
5.773	-6.000
5.782	-4.000
5.789	-5.000
5.797	-5.000
5.805	-4.000
5.813	-4.000
5.821	-3.000
5.829	-4.000
5.837	-3.000
5.845	-2.000
5.854	-3.000
5.862	-2.000
5.870	-2.000
5.877	-2.000
5.885	-2.000
5.894	-2.000
5.901	-2.000
5.910	-1.000
5.917	-2.000
5.926	-3.000
5.934	-2.000
5.941	-2.000
5.949	-3.000
5.957	-2.000
5.965	-3.000
5.973	-2.000
5.982	-3.000
5.989	-2.000
5.997	-2.000
6.005	-1.000
6.013	-2.000
6.021	-1.000
6.030	-1.000
6.037	-2.000
6.046	-1.000
6.053	-1.000
6.062	-2.000
6.069	-1.000
6.077	-1.000
6.085	-1.000
6.094	0.000
6.102	0.000
6.110	0.000
6.117	0.000
6.125	0.000
6.133	-1.000
6.141	0.000
6.150	0.000
6.157	0.000
6.166	-1.000
6.174	0.000
6.181	0.000
6.189	-1.000
6.198	0.000
6.206	0.000
6.213	-1.000
6.221	0.000
6.229	-1.000
6.237	0.000
6.245	-1.000
6.254	-1.000
6.261	-1.000
6.269	-1.000
6.278	0.000
6.286	-1.000
6.294	0.000
6.302	-1.000
6.309	0.000
6.317	-1.000
6.325	-1.000
6.333	-1.000
6.341	-1.000
6.350	-1.000
6.358	-2.000
6.366	-1.000
6.374	-2.000
6.381	-1.000
6.389	-2.000
6.397	-1.000
6.405	-1.000
6.413	-1.000
6.421	-1.000
6.430	-2.000
6.437	0.000
6.445	-2.000
6.453	-1.000
6.462	-2.000
6.469	-2.000
6.477	-1.000
6.485	-2.000
6.493	-2.000
6.501	-1.000
6.510	-1.000
6.517	-1.000
6.526	-1.000
6.533	-2.000
6.542	-1.000
6.549	-1.000
6.557	-2.000
6.565	-3.000
6.573	-2.000
6.582	-3.000
6.589	-2.000
6.597	-2.000
6.605	-2.000
6.614	-3.000
6.622	-1.000
6.629	-2.000
6.638	-1.000
6.645	-1.000
6.653	-2.000
6.662	-1.000
6.670	-1.000
6.678	-1.000
6.686	-2.000
6.693	-1.000
6.701	-2.000
6.709	-1.000
6.717	-1.000
6.726	-1.000
6.733	-1.000
6.741	0.000
6.749	-1.000
6.757	0.000
6.765	-1.000
6.773	0.000
6.781	-1.000
6.789	-1.000
6.797	-2.000
6.805	-1.000
6.813	-1.000
6.821	-2.000
6.829	-1.000
6.837	-1.000
6.845	-1.000
6.853	-1.000
6.861	-1.000
6.869	0.000
6.877	-1.000
6.886	-1.000
6.894	-1.000
6.901	0.000
6.909	-1.000
6.917	-1.000
6.925	-1.000
6.933	0.000
6.941	-1.000
6.949	0.000
6.957	0.000
6.965	-1.000
6.973	0.000
6.981	0.000
6.990	0.000
6.997	0.000
7.005	-1.000
7.013	0.000
7.022	-1.000
7.029	0.000
7.037	-1.000
7.046	-1.000
7.053	0.000
7.062	-1.000
7.069	0.000
7.078	0.000
7.085	0.000
7.093	0.000
7.101	0.000
7.109	0.000
7.118	0.000
7.125	0.000
7.133	-1.000
7.142	0.000
7.150	-1.000
7.158	0.000
7.166	-1.000
7.173	-1.000
7.181	-1.000
7.189	-1.000
7.198	0.000
7.206	0.000
7.213	-1.000
7.222	0.000
7.230	0.000
7.237	0.000
7.246	-1.000
7.253	0.000
7.261	0.000
7.269	0.000
7.278	0.000
7.285	-1.000
7.294	0.000
7.301	-1.000
7.309	0.000
7.317	0.000
7.325	0.000
7.333	0.000
7.341	0.000
7.349	0.000
7.357	0.000
7.365	-1.000
7.374	0.000
7.381	0.000
7.389	-1.000
7.397	0.000
7.405	0.000
7.413	-1.000
7.421	0.000
7.429	-1.000
7.437	0.000
7.445	-1.000
7.453	-1.000
7.462	-1.000
7.469	-1.000
7.477	-1.000
7.485	-1.000
7.493	-2.000
7.501	-1.000
7.509	-2.000
7.517	-1.000
7.526	-2.000
7.533	-2.000
7.541	-2.000
7.549	-2.000
7.557	-2.000
7.565	-2.000
7.573	-2.000
7.581	-3.000
7.589	-2.000
7.597	-3.000
7.605	-4.000
7.614	-3.000
7.621	-4.000
7.630	-5.000
7.638	-4.000
7.645	-6.000
7.654	-5.000
7.662	-7.000
7.669	-6.000
7.677	-7.000
7.686	-7.000
7.694	-8.000
7.701	-9.000
7.709	-9.000
7.717	-9.000
7.725	-10.000
7.733	-11.000
7.741	-12.000
7.749	-11.000
7.757	-11.000
7.765	-10.000
7.773	-10.000
7.781	-10.000
7.789	-8.000
7.797	-8.000
7.806	-8.000
7.813	-7.000
7.821	-7.000
7.829	-6.000
7.837	-6.000
7.846	-5.000
7.853	-6.000
7.862	-5.000
7.869	-4.000
7.878	-5.000
7.886	-4.000
7.894	-4.000
7.901	-4.000
7.909	-4.000
7.917	-5.000
7.926	-4.000
7.933	-5.000
7.941	-5.000
7.949	-6.000
7.957	-5.000
7.965	-6.000
7.973	-7.000
7.981	-7.000
7.989	-7.000
7.997	-8.000
8.005	-9.000
8.013	-9.000
8.021	-9.000
8.030	-10.000
8.037	-11.000
8.045	-10.000
8.053	-12.000
8.061	-12.000
8.070	-12.000
8.077	-13.000
8.085	-13.000
8.094	-14.000
8.101	-14.000
8.109	-13.000
8.118	-14.000
8.125	-13.000
8.134	-12.000
8.141	-12.000
8.149	-12.000
8.158	-12.000
8.166	-11.000
8.173	-11.000
8.181	-11.000
8.189	-10.000
8.198	-10.000
8.205	-10.000
8.214	-9.000
8.221	-10.000
8.229	-9.000
8.238	-9.000
8.245	-9.000
8.253	-9.000
8.261	-9.000
8.269	-9.000
8.278	-10.000
8.285	-9.000
8.293	-10.000
8.301	-11.000
8.309	-11.000
8.317	-11.000
8.325	-12.000
8.333	-13.000
8.342	-13.000
8.349	-14.000
8.357	-14.000
8.366	-13.000
8.373	-13.000
8.381	-12.000
8.389	-12.000
8.397	-12.000
8.405	-11.000
8.413	-11.000
8.422	-11.000
8.429	-11.000
8.438	-10.000
8.446	-11.000
8.453	-10.000
8.461	-11.000
8.470	-10.000
8.478	-10.000
8.485	-10.000
8.494	-9.000
8.501	-10.000
8.509	-10.000
8.518	-9.000
8.525	-10.000
8.533	-10.000
8.541	-10.000
8.550	-11.000
8.557	-10.000
8.565	-10.000
8.573	-11.000
8.581	-10.000
8.589	-10.000
8.597	-10.000
8.606	-9.000
8.613	-9.000
8.621	-9.000
8.629	-9.000
8.637	-9.000
8.645	-9.000
8.653	-8.000
8.661	-8.000
8.669	-9.000
8.677	-9.000
8.685	-8.000
8.694	-9.000
8.701	-9.000
8.709	-9.000
8.717	-9.000
8.725	-10.000
8.733	-9.000
8.741	-10.000
8.749	-9.000
8.757	-10.000
8.765	-9.000
8.773	-9.000
8.781	-10.000
8.790	-9.000
8.797	-8.000
8.806	-9.000
8.814	-8.000
8.821	-7.000
8.830	-8.000
8.837	-8.000
8.846	-7.000
8.853	-8.000
8.861	-8.000
8.869	-8.000
8.878	-8.000
8.885	-9.000
8.893	-8.000
8.901	-9.000
8.910	-8.000
8.917	-9.000
8.926	-9.000
8.933	-9.000
8.941	-9.000
8.950	-9.000
8.957	-9.000
8.965	-10.000
8.973	-9.000
8.981	-11.000
8.989	-10.000
8.997	-11.000
9.005	-11.000
9.013	-12.000
9.021	-12.000
9.030	-11.000
9.037	-12.000
9.045	-11.000
9.054	-12.000
9.061	-11.000
9.069	-11.000
9.077	-10.000
9.086	-10.000
9.093	-11.000
9.101	-10.000
9.109	-10.000
9.117	-10.000
9.125	-10.000
9.133	-10.000
9.141	-11.000
9.149	-11.000
9.157	-11.000
9.165	-12.000
9.174	-12.000
9.181	-11.000
9.189	-12.000
9.198	-11.000
9.206	-12.000
9.213	-10.000
9.222	-11.000
9.229	-10.000
9.238	-9.000
9.246	-10.000
9.254	-10.000
9.261	-8.000
9.270	-9.000
9.277	-9.000
9.285	-8.000
9.293	-9.000
9.301	-8.000
9.310	-8.000
9.317	-8.000
9.325	-8.000
9.333	-7.000
9.341	-8.000
9.349	-8.000
9.358	-7.000
9.365	-8.000
9.373	-9.000
9.381	-8.000
9.390	-9.000
9.397	-9.000
9.405	-10.000
9.414	-10.000
9.422	-10.000
9.429	-12.000
9.437	-12.000
9.446	-11.000
9.453	-13.000
9.461	-12.000
9.469	-11.000
9.478	-12.000
9.486	-11.000
9.494	-12.000
9.502	-11.000
9.509	-11.000
9.517	-11.000
9.525	-11.000
9.533	-12.000
9.541	-12.000
9.549	-11.000
9.557	-12.000
9.565	-12.000
9.573	-12.000
9.581	-12.000
9.589	-12.000
9.598	-12.000
9.605	-12.000
9.613	-11.000
9.621	-12.000
9.629	-11.000
9.637	-11.000
9.645	-12.000
9.653	-11.000
9.662	-12.000
9.669	-11.000
9.677	-13.000
9.685	-12.000
9.694	-12.000
9.701	-12.000
9.709	-12.000
9.717	-11.000
9.725	-11.000
9.733	-11.000
9.741	-12.000
9.749	-11.000
9.757	-11.000
9.765	-11.000
9.773	-12.000
9.781	-11.000
9.789	-12.000
9.797	-12.000
9.806	-12.000
9.813	-12.000
9.821	-12.000
9.829	-12.000
9.837	-12.000
9.845	-11.000
9.853	-12.000
9.861	-11.000
9.869	-10.000
9.877	-11.000
9.885	-11.000
9.893	-11.000
9.901	-11.000
9.909	-11.000
9.917	-11.000
9.925	-12.000
9.933	-11.000
9.941	-12.000
9.949	-11.000
9.957	-12.000
9.965	-10.000
9.973	-11.000
9.981	-11.000
9.990	-10.000
9.997	-10.000
10.006	-10.000
10.013	-10.000
10.021	-10.000
10.030	-11.000
10.037	-10.000
10.046	-11.000
10.053	-10.000
10.062	-11.000
10.070	-10.000
10.078	-11.000
10.086	-11.000
10.093	-10.000
10.102	-10.000
10.109	-10.000
10.118	-11.000
10.125	-9.000
10.133	-9.000
10.142	-9.000
10.150	-8.000
10.157	-8.000
10.165	-7.000
10.173	-8.000
10.181	-6.000
10.189	-8.000
10.197	-6.000
10.205	-6.000
10.213	-6.000
10.221	-6.000
10.229	-6.000
10.237	-6.000
10.245	-6.000
10.253	-6.000
10.261	-6.000
10.269	-6.000
10.278	-6.000
10.285	-7.000
10.293	-7.000
10.301	-7.000
10.310	-7.000
10.317	-8.000
10.326	-8.000
10.333	-8.000
10.341	-8.000
10.349	-9.000
10.358	-9.000
10.365	-8.000
10.373	-9.000
10.381	-9.000
10.389	-10.000
10.397	-9.000
10.406	-9.000
10.413	-10.000
10.421	-9.000
10.429	-9.000
10.437	-9.000
10.445	-9.000
10.453	-8.000
10.461	-8.000
10.469	-8.000
10.478	-6.000
10.485	-6.000
10.493	-5.000
10.501	-5.000
10.510	-5.000
10.517	-4.000
10.525	-5.000
10.533	-4.000
10.541	-4.000
10.550	-5.000
10.557	-5.000
10.565	-5.000
10.574	-5.000
10.581	-5.000
10.589	-6.000
10.598	-6.000
10.605	-7.000
10.613	-6.000
10.621	-8.000
10.629	-7.000
10.637	-7.000
10.646	-8.000
10.653	-8.000
10.661	-9.000
10.669	-8.000
10.678	-9.000
10.685	-9.000
10.694	-9.000
10.701	-10.000
10.709	-10.000
10.717	-11.000
10.725	-10.000
10.733	-11.000
10.741	-11.000
10.749	-10.000
10.757	-11.000
10.765	-9.000
10.773	-8.000
10.781	-8.000
10.790	-7.000
10.797	-6.000
10.805	-5.000
10.814	-5.000
10.821	-4.000
10.830	-4.000
10.837	-2.000
10.846	-3.000
10.854	-2.000
10.861	-2.000
10.869	-3.000
10.877	-2.000
10.885	-2.000
10.893	-4.000
10.901	-3.000
10.909	-3.000
10.917	-4.000
10.926	-4.000
10.933	-5.000
10.941	-5.000
10.949	-6.000
10.958	-6.000
10.966	-6.000
10.973	-6.000
10.981	-6.000
10.990	-6.000
10.998	-5.000
11.005	-6.000
11.013	-5.000
11.022	-6.000
11.030	-5.000
11.038	-5.000
11.046	-5.000
11.054	-5.000
11.062	-5.000
11.069	-5.000
11.078	-4.000
11.086	-5.000
11.094	-6.000
11.101	-5.000
11.109	-5.000
11.118	-5.000
11.125	-5.000
11.133	-4.000
11.141	-4.000
11.149	-3.000
11.157	-4.000
11.165	-3.000
11.173	-3.000
11.181	-3.000
11.190	-2.000
11.197	-2.000
11.205	-2.000
11.213	-2.000
11.221	-1.000
11.229	-2.000
11.238	-2.000
11.245	-3.000
11.254	-2.000
11.261	-3.000
11.270	-3.000
11.278	-3.000
11.285	-4.000
11.293	-3.000
11.302	-3.000
11.309	-4.000
11.317	-3.000
11.325	-4.000
11.333	-3.000
11.341	-4.000
11.349	-3.000
11.357	-4.000
11.365	-4.000
11.373	-3.000
11.382	-4.000
11.390	-3.000
11.397	-3.000
11.406	-3.000
11.413	-3.000
11.421	-2.000
11.430	-3.000
11.437	-1.000
11.446	-2.000
11.453	-2.000
11.461	-1.000
11.469	-1.000
11.478	-1.000
11.485	-1.000
11.494	-1.000
11.501	-1.000
11.509	-1.000
11.517	-1.000
11.525	-1.000
11.533	-2.000
11.541	-1.000
11.549	-2.000
11.557	-2.000
11.565	-2.000
11.573	-1.000
11.581	-1.000
11.589	-1.000
11.597	0.000
11.605	-1.000
11.613	0.000
11.622	0.000
11.629	0.000
11.637	0.000
11.645	-1.000
11.653	-1.000
11.661	0.000
11.670	-1.000
11.677	0.000
11.685	-1.000
11.694	0.000
11.701	0.000
11.709	0.000
11.717	0.000
11.725	-1.000
11.734	0.000
11.741	-1.000
11.749	-1.000
11.757	-1.000
11.765	0.000
11.774	-1.000
11.781	-1.000
11.790	0.000
11.797	0.000
11.805	-1.000
11.813	0.000
11.821	0.000
11.829	-1.000
11.837	0.000
11.846	0.000
11.853	-1.000
11.861	0.000
11.869	-1.000
11.878	-1.000
11.886	-1.000
11.894	0.000
11.902	-1.000
11.909	0.000
11.917	-1.000
11.925	0.000
11.933	0.000
11.941	-1.000
11.949	-1.000
11.957	-1.000
11.965	-1.000
11.974	-2.000
11.981	-1.000
11.990	-1.000
11.997	-2.000
12.006	-1.000
12.013	-1.000
12.022	-2.000
12.030	-1.000
12.038	-1.000
12.045	-2.000
12.053	-2.000
12.061	-2.000
12.069	-2.000
12.077	-2.000
12.085	-3.000
12.093	-3.000
12.101	-2.000
12.109	-2.000
12.117	-2.000
12.125	-2.000
12.133	-1.000
12.142	-2.000
12.150	-1.000
12.158	-2.000
12.165	-1.000
12.173	-2.000
12.181	-2.000
12.190	-1.000
12.197	-2.000
12.205	-2.000
12.213	-2.000
12.221	-2.000
12.229	-2.000
12.237	-1.000
12.245	-2.000
12.253	-2.000
12.262	-2.000
12.269	-1.000
12.278	-2.000
12.285	-2.000
12.293	-1.000
12.302	-2.000
12.309	-1.000
12.317	-1.000
12.325	-1.000
12.333	-1.000
12.341	-1.000
12.350	0.000
12.357	0.000
12.365	0.000
12.373	0.000
12.381	0.000
12.389	-1.000
12.397	0.000
12.405	-1.000
12.413	-1.000
12.421	-1.000
12.429	-2.000
12.437	-1.000
12.445	-2.000
12.454	-1.000
12.461	-2.000
12.469	0.000
12.477	-2.000
12.485	-1.000
12.493	-1.000
12.501	-1.000
12.509	-1.000
12.517	-1.000
12.525	-1.000
12.533	-2.000
12.542	-1.000
12.549	-2.000
12.558	-2.000
12.565	-1.000
12.574	-1.000
12.581	-1.000
12.589	-1.000
12.598	-1.000
12.605	0.000
12.614	-1.000
12.622	0.000
12.630	-1.000
12.638	0.000
12.646	-1.000
12.653	-1.000
12.662	0.000
12.669	-1.000
12.677	0.000
12.685	0.000
12.693	-1.000
12.701	0.000
12.710	0.000
12.718	0.000
12.725	0.000
12.734	0.000
12.742	-1.000
12.750	0.000
12.757	-1.000
12.765	-1.000
12.773	-1.000
12.781	-1.000
12.789	-1.000
12.797	-2.000
12.805	-2.000
12.813	-1.000
12.821	-2.000
12.829	-1.000
12.837	-2.000
12.845	-2.000
12.853	-2.000
12.861	-2.000
12.869	-3.000
12.877	-2.000
12.885	-3.000
12.893	-3.000
12.902	-3.000
12.909	-3.000
12.917	-3.000
12.925	-3.000
12.933	-4.000
12.941	-3.000
12.950	-4.000
12.957	-3.000
12.965	-4.000
12.973	-3.000
12.981	-4.000
12.989	-4.000
12.998	-4.000
13.006	-4.000
13.013	-5.000
13.022	-6.000
13.029	-5.000
13.037	-6.000
13.045	-6.000
13.053	-6.000
13.062	-6.000
13.070	-6.000
13.078	-6.000
13.086	-7.000
13.094	-6.000
13.102	-7.000
13.109	-7.000
13.117	-7.000
13.125	-8.000
13.133	-7.000
13.141	-7.000
13.149	-7.000
13.157	-7.000
13.165	-7.000
13.173	-7.000
13.181	-8.000
13.189	-7.000
13.197	-8.000
13.206	-7.000
13.213	-7.000
13.221	-8.000
13.229	-7.000
13.238	-8.000
13.245	-8.000
13.253	-8.000
13.261	-8.000
13.270	-9.000
13.278	-9.000
13.286	-9.000
13.294	-10.000
13.301	-9.000
13.309	-12.000
13.318	-12.000
13.325	-10.000
13.333	-13.000
13.341	-13.000
13.349	-13.000
13.358	-14.000
13.365	-13.000
13.374	-13.000
13.381	-14.000
13.390	-13.000
13.397	-13.000
13.406	-13.000
13.413	-12.000
13.421	-12.000
13.430	-13.000
13.437	-13.000
13.445	-14.000
13.453	-13.000
13.461	-14.000
13.469	-14.000
13.478	-14.000
13.486	-13.000
13.493	-14.000
13.501	-14.000
13.509	-14.000
13.517	-14.000
13.526	-13.000
13.533	-14.000
13.541	-13.000
13.549	-14.000
13.557	-13.000
13.565	-13.000
13.573	-13.000
13.582	-13.000
13.589	-12.000
13.597	-12.000
13.606	-12.000
13.613	-12.000
13.621	-11.000
13.629	-11.000
13.637	-11.000
13.645	-11.000
13.653	-11.000
13.661	-12.000
13.670	-12.000
13.678	-12.000
13.686	-12.000
13.693	-12.000
13.701	-12.000
13.710	-12.000
13.717	-12.000
13.725	-11.000
13.733	-12.000
13.741	-11.000
13.749	-11.000
13.757	-10.000
13.765	-11.000
13.773	-11.000
13.781	-10.000
13.790	-11.000
13.798	-10.000
13.806	-11.000
13.813	-10.000
13.821	-10.000
13.829	-9.000
13.837	-10.000
13.846	-9.000
13.853	-10.000
13.861	-10.000
13.870	-11.000
13.878	-10.000
13.885	-11.000
13.894	-11.000
13.901	-12.000
13.909	-13.000
13.917	-13.000
13.925	-13.000
13.933	-14.000
13.941	-15.000
13.949	-14.000
13.957	-14.000
13.965	-13.000
13.973	-13.000
13.981	-12.000
13.989	-12.000
13.997	-11.000
14.005	-12.000
14.014	-10.000
14.021	-11.000
14.029	-11.000
14.038	-10.000
14.046	-10.000
14.054	-9.000
14.062	-10.000
14.070	-10.000
14.078	-9.000
14.085	-10.000
14.093	-8.000
14.101	-10.000
14.109	-10.000
14.118	-10.000
14.125	-10.000
14.134	-11.000
14.141	-12.000
14.149	-13.000
14.158	-12.000
14.165	-14.000
14.173	-13.000
14.182	-13.000
14.189	-14.000
14.197	-13.000
14.205	-12.000
14.213	-13.000
14.222	-11.000
14.229	-12.000
14.238	-11.000
14.245	-12.000
14.253	-11.000
14.261	-11.000
14.269	-11.000
14.278	-11.000
14.285	-11.000
14.294	-11.000
14.301	-11.000
14.309	-10.000
14.317	-11.000
14.325	-11.000
14.333	-10.000
14.341	-11.000
14.349	-11.000
14.358	-11.000
14.365	-11.000
14.373	-12.000
14.381	-13.000
14.389	-13.000
14.398	-14.000
14.406	-14.000
14.414	-14.000
14.421	-15.000
14.430	-15.000
14.437	-14.000
14.445	-13.000
14.454	-14.000
14.462	-13.000
14.469	-13.000
14.478	-13.000
14.486	-13.000
14.494	-12.000
14.501	-12.000
14.510	-12.000
14.518	-12.000
14.525	-12.000
14.533	-12.000
14.542	-12.000
14.549	-11.000
14.558	-11.000
14.565	-11.000
14.573	-12.000
14.581	-11.000
14.590	-12.000
14.598	-13.000
14.606	-12.000
14.614	-13.000
14.621	-14.000
14.630	-13.000
14.638	-14.000
14.646	-13.000
14.654	-14.000
14.662	-12.000
14.669	-13.000
14.678	-11.000
14.685	-11.000
14.694	-11.000
14.702	-10.000
14.709	-10.000
14.717	-8.000
14.725	-10.000
14.734	-9.000
14.741	-9.000
14.749	-8.000
14.757	-9.000
14.766	-9.000
14.773	-9.000
14.781	-9.000
14.789	-8.000
14.797	-9.000
14.805	-9.000
14.814	-9.000
14.821	-9.000
14.830	-10.000
14.837	-10.000
14.846	-12.000
14.853	-11.000
14.862	-12.000
14.869	-12.000
14.877	-13.000
14.885	-14.000
14.893	-14.000
14.901	-14.000
14.910	-14.000
14.918	-14.000
14.926	-13.000
14.933	-13.000
14.941	-13.000
14.949	-12.000
14.957	-13.000
14.965	-12.000
14.974	-12.000
14.981	-13.000
14.989	-12.000
14.997	-12.000
15.006	-12.000
15.013	-12.000
15.021	-12.000
15.030	-11.000
15.037	-12.000
15.046	-11.000
15.054	-11.000
15.062	-12.000
15.070	-11.000
15.077	-11.000
15.086	-12.000
15.093	-12.000
15.101	-12.000
15.109	-11.000
15.118	-12.000
15.126	-12.000
15.133	-11.000
15.141	-12.000
15.150	-11.000
15.157	-10.000
15.166	-11.000
15.174	-11.000
15.181	-11.000
15.190	-12.000
15.197	-11.000
15.206	-12.000
15.213	-11.000
15.222	-12.000
15.230	-12.000
15.237	-13.000
15.245	-12.000
15.253	-12.000
15.262	-12.000
15.269	-12.000
15.278	-12.000
15.286	-11.000
15.293	-10.000
15.301	-10.000
15.309	-9.000
15.317	-9.000
15.325	-8.000
15.333	-8.000
15.341	-7.000
15.349	-7.000
15.357	-8.000
15.366	-6.000
15.373	-7.000
15.381	-7.000
15.389	-7.000
15.397	-6.000
15.406	-7.000
15.413	-7.000
15.421	-7.000
15.430	-7.000
15.437	-7.000
15.445	-8.000
15.453	-7.000
15.462	-8.000
15.469	-7.000
15.477	-8.000
15.486	-8.000
15.494	-7.000
15.502	-9.000
15.510	-8.000
15.517	-8.000
15.526	-9.000
15.533	-9.000
15.541	-8.000
15.549	-10.000
15.557	-9.000
15.565	-10.000
15.573	-10.000
15.581	-10.000
15.590	-11.000
15.597	-10.000
15.605	-10.000
15.613	-10.000
15.621	-9.000
15.630	-9.000
15.637	-8.000
15.646	-7.000
15.653	-6.000
15.662	-6.000
15.670	-5.000
15.677	-5.000
15.685	-4.000
15.693	-5.000
15.701	-4.000
15.709	-4.000
15.717	-5.000
15.725	-5.000
15.733	-5.000
15.742	-6.000
15.749	-6.000
15.757	-7.000
15.765	-6.000
15.774	-7.000
15.781	-8.000
15.789	-8.000
15.797	-9.000
15.805	-9.000
15.813	-9.000
15.821	-10.000
15.829	-10.000
15.837	-9.000
15.846	-10.000
15.854	-10.000
15.861	-11.000
15.869	-11.000
15.878	-10.000
15.886	-11.000
15.894	-10.000
15.901	-10.000
15.909	-9.000
15.917	-9.000
15.926	-9.000
15.933	-7.000
15.942	-7.000
15.949	-5.000
15.958	-5.000
15.965	-4.000
15.973	-4.000
15.981	-3.000
15.989	-2.000
15.997	-3.000
16.006	-3.000
16.013	-3.000
16.021	-3.000
16.030	-4.000
16.038	-4.000
16.045	-4.000
16.053	-4.000
16.061	-5.000
16.069	-5.000
16.078	-6.000
16.085	-5.000
16.093	-6.000
16.101	-7.000
16.109	-6.000
16.117	-7.000
16.125	-8.000
16.133	-7.000
16.141	-8.000
16.149	-8.000
16.157	-8.000
16.165	-8.000
16.173	-8.000
16.181	-8.000
16.190	-9.000
16.198	-9.000
16.205	-8.000
16.214	-9.000
16.221	-9.000
16.229	-9.000
16.237	-9.000
16.245	-8.000
16.254	-8.000
16.261	-8.000
16.269	-7.000
16.277	-6.000
16.285	-7.000
16.294	-6.000
16.301	-6.000
16.310	-4.000
16.317	-5.000
16.325	-4.000
16.333	-3.000
16.342	-3.000
16.349	-3.000
16.357	-3.000
16.365	-3.000
16.373	-3.000
16.382	-3.000
16.390	-3.000
16.397	-3.000
16.405	-4.000
16.414	-3.000
16.421	-4.000
16.429	-4.000
16.437	-4.000
16.445	-5.000
16.453	-4.000
16.461	-5.000
16.469	-4.000
16.478	-4.000
16.485	-4.000
16.494	-4.000
16.501	-4.000
16.510	-3.000
16.517	-4.000
16.525	-3.000
16.533	-4.000
16.542	-3.000
16.549	-3.000
16.558	-3.000
16.565	-3.000
16.573	-2.000
16.581	-3.000
16.589	-2.000
16.597	-2.000
16.605	-2.000
16.613	-2.000
16.621	-2.000
16.629	-2.000
16.637	-3.000
16.645	-2.000
16.653	-2.000
16.661	-1.000
16.669	-2.000
16.677	0.000
16.686	-1.000
16.693	-1.000
16.701	0.000
16.709	-1.000
16.717	-2.000
16.725	-1.000
16.734	-1.000
16.741	-1.000
16.749	-1.000
16.757	-1.000
16.765	0.000
16.773	-1.000
16.781	-1.000
16.789	-1.000
16.798	-1.000
16.806	-1.000
16.814	-1.000
16.821	-2.000
16.829	-1.000
16.837	-2.000
16.845	-1.000
16.854	-2.000
16.862	-1.000
16.870	-1.000
16.878	-2.000
16.885	-1.000
16.893	-1.000
16.901	-2.000
16.910	-2.000
16.917	-1.000
16.925	-2.000
16.934	-2.000
16.941	-2.000
16.949	-1.000
16.957	-2.000
16.965	-2.000
16.973	0.000
16.981	-1.000
16.990	-1.000
16.998	0.000
17.006	-1.000
17.014	-1.000
17.021	-1.000
17.029	-1.000
17.037	-1.000
17.046	-2.000
17.053	-1.000
17.062	-2.000
17.069	-1.000
17.078	-1.000
17.085	-1.000
17.093	-1.000
17.102	-1.000
17.109	-1.000
17.117	-1.000
17.125	-1.000
17.134	-2.000
17.141	-1.000
17.149	-2.000
17.157	-2.000
17.165	-2.000
17.173	-2.000
17.181	-2.000
17.189	-2.000
17.197	-1.000
17.205	-1.000
17.214	-1.000
17.222	0.000
17.230	-1.000
17.238	-1.000
17.246	0.000
17.254	0.000
17.261	0.000
17.269	-1.000
17.277	0.000
17.285	-1.000
17.293	0.000
17.301	0.000
17.309	-1.000
17.318	0.000
17.325	0.000
17.333	-1.000
17.341	0.000
17.349	0.000
17.357	-1.000
17.365	-1.000
17.374	-1.000
17.382	-1.000
17.390	-1.000
17.398	-1.000
17.406	-2.000
17.413	0.000
17.421	-1.000
17.430	-1.000
17.437	0.000
17.446	-1.000
17.453	0.000
17.462	-1.000
17.469	0.000
17.478	-1.000
17.485	-1.000
17.494	0.000
17.501	-1.000
17.509	-1.000
17.517	0.000
17.525	-1.000
17.533	0.000
17.541	-1.000
17.549	0.000
17.557	0.000
17.565	0.000
17.573	0.000
17.582	-1.000
17.589	-1.000
17.597	-1.000
17.606	-1.000
17.613	-1.000
17.621	-1.000
17.629	0.000
17.637	-1.000
17.646	0.000
17.653	-1.000
17.661	0.000
17.669	0.000
17.677	0.000
17.685	0.000
17.693	-1.000
17.701	-1.000
17.709	0.000
17.717	-1.000
17.725	-1.000
17.733	-1.000
17.741	-1.000
17.749	0.000
17.757	-1.000
17.765	0.000
17.773	-1.000
17.781	0.000
17.789	0.000
17.797	0.000
17.805	-1.000
17.813	0.000
17.821	-1.000
17.829	0.000
17.837	-1.000
17.846	-1.000
17.853	-1.000
17.861	-1.000
17.869	-1.000
17.878	-1.000
17.885	-1.000
17.893	-1.000
17.901	-2.000
17.910	-2.000
17.918	-1.000
17.925	-2.000
17.933	-1.000
17.941	-2.000
17.950	-2.000
17.957	-3.000
17.965	-2.000
17.974	-3.000
17.981	-2.000
17.989	-3.000
17.997	-4.000
18.005	-3.000
18.013	-5.000
18.021	-5.000
18.030	-5.000
18.037	-5.000
18.045	-7.000
18.053	-7.000
18.062	-7.000
18.070	-8.000
18.078	-8.000
18.086	-9.000
18.093	-8.000
18.101	-8.000
18.109	-8.000
18.117	-8.000
18.126	-8.000
18.133	-8.000
18.141	-8.000
18.150	-7.000
18.157	-7.000
18.166	-7.000
18.174	-7.000
18.182	-7.000
18.190	-7.000
18.198	-6.000
18.206	-7.000
18.214	-7.000
18.221	-6.000
18.229	-7.000
18.238	-7.000
18.246	-6.000
18.254	-7.000
18.262	-7.000
18.269	-8.000
18.278	-7.000
18.286	-8.000
18.293	-9.000
18.302	-8.000
18.309	-9.000
18.318	-9.000
18.325	-10.000
18.334	-10.000
18.341	-10.000
18.349	-10.000
18.357	-10.000
18.365	-9.000
18.374	-9.000
18.381	-9.000
18.389	-8.000
18.397	-8.000
18.406	-8.000
18.414	-8.000
18.422	-7.000
18.429	-8.000
18.438	-8.000
18.445	-8.000
18.453	-8.000
18.461	-8.000
18.469	-9.000
18.477	-9.000
18.485	-9.000
18.494	-9.000
18.501	-10.000
18.509	-10.000
18.518	-10.000
18.525	-10.000
18.533	-11.000
18.541	-11.000
18.549	-12.000
18.557	-12.000
18.566	-12.000
18.573	-13.000
18.582	-13.000
18.589	-13.000
18.597	-13.000
18.606	-13.000
18.613	-13.000
18.621	-13.000
18.630	-13.000
18.637	-12.000
18.645	-12.000
18.653	-12.000
18.662	-11.000
18.669	-12.000
18.677	-12.000
18.686	-12.000
18.693	-13.000
18.701	-12.000
18.709	-13.000
18.717	-14.000
18.725	-13.000
18.733	-14.000
18.741	-14.000
18.749	-13.000
18.757	-14.000
18.765	-13.000
18.774	-13.000
18.781	-13.000
18.790	-14.000
18.797	-13.000
18.805	-13.000
18.814	-13.000
18.821	-13.000
18.830	-12.000
18.838	-13.000
18.845	-12.000
18.854	-12.000
18.862	-11.000
18.869	-12.000
18.878	-11.000
18.885	-10.000
18.893	-11.000
18.901	-11.000
18.910	-11.000
18.917	-11.000
18.925	-12.000
18.933	-11.000
18.941	-12.000
18.949	-13.000
18.957	-12.000
18.965	-12.000
18.974	-12.000
18.981	-12.000
18.989	-11.000
18.997	-10.000
19.006	-9.000
19.014	-9.000
19.022	-9.000
19.030	-8.000
19.038	-8.000
19.046	-8.000
19.053	-7.000
19.061	-8.000
19.070	-7.000
19.077	-7.000
19.085	-7.000
19.094	-7.000
19.101	-8.000
19.109	-7.000
19.117	-7.000
19.125	-8.000
19.133	-8.000
19.141	-7.000
19.149	-9.000
19.157	-8.000
19.165	-8.000
19.173	-9.000
19.181	-9.000
19.189	-8.000
19.198	-10.000
19.206	-10.000
19.214	-10.000
19.221	-12.000
19.229	-11.000
19.237	-13.000
19.245	-13.000
19.254	-13.000
19.262	-14.000
19.269	-14.000
19.277	-14.000
19.285	-13.000
19.293	-13.000
19.302	-12.000
19.309	-12.000
19.317	-11.000
19.325	-11.000
19.333	-11.000
19.342	-11.000
19.349	-10.000
19.357	-10.000
19.365	-11.000
19.373	-10.000
19.382	-10.000
19.390	-9.000
19.398	-10.000
19.406	-10.000
19.413	-10.000
19.421	-10.000
19.429	-10.000
19.437	-10.000
19.445	-11.000
19.453	-10.000
19.462	-12.000
19.469	-12.000
19.477	-13.000
19.485	-13.000
19.493	-13.000
19.501	-14.000
19.509	-14.000
19.517	-13.000
19.525	-12.000
19.534	-12.000
19.542	-12.000
19.549	-11.000
19.557	-10.000
19.565	-10.000
19.573	-10.000
19.581	-10.000
19.589	-9.000
19.597	-10.000
19.605	-9.000
19.613	-10.000
19.622	-9.000
19.629	-9.000
19.638	-10.000
19.645	-9.000
19.653	-9.000
19.661	-10.000
19.670	-9.000
19.677	-10.000
19.686	-10.000
19.693	-11.000
19.701	-10.000
19.710	-12.000
19.717	-11.000
19.725	-11.000
19.733	-12.000
19.742	-13.000
19.749	-12.000
19.757	-11.000
19.765	-12.000
19.774	-11.000
19.781	-12.000
19.789	-11.000
19.797	-12.000
19.806	-11.000
19.814	-12.000
19.822	-11.000
