120710472.000	5.000
0.001	-9.898
0.116	-9.795
0.136	-9.665
0.141	-9.535
0.152	-9.423
0.158	-9.312
0.169	-9.200
0.186	-9.089
0.191	-8.977
0.202	-8.865
0.206	-8.754
0.220	-8.652
0.236	-8.577
0.240	-8.503
0.253	-8.428
0.257	-8.354
0.269	-8.270
0.286	-8.168
0.291	-8.066
0.302	-8.019
0.307	-7.973
0.319	-7.935
0.336	-7.898
0.341	-7.861
0.352	-7.787
0.357	-7.712
0.369	-7.619
0.386	-7.554
0.391	-7.489
0.402	-7.461
0.407	-7.433
0.419	-7.405
0.436	-7.377
0.442	-7.349
0.452	-7.312
0.457	-7.275
0.469	-7.238
0.486	-7.182
0.492	-7.126
0.502	-7.070
0.507	-7.015
0.519	-6.959
0.536	-6.894
0.540	-6.829
0.552	-6.764
0.556	-6.698
0.569	-6.633
0.586	-6.568
0.590	-6.503
0.603	-6.447
0.607	-6.392
0.619	-6.336
0.636	-6.280
0.640	-6.224
0.653	-6.168
0.658	-6.113
0.669	-6.066
0.686	-6.029
0.703	-5.992
0.707	-5.954
0.712	-5.917
0.719	-5.880
0.736	-5.843
0.740	-5.806
0.752	-5.768
0.757	-5.731
0.770	-5.694
0.786	-5.657
0.790	-5.620
0.803	-5.582
0.808	-5.545
0.819	-5.499
0.836	-5.452
0.841	-5.406
0.852	-5.359
0.857	-5.313
0.869	-5.266
0.886	-5.220
0.890	-5.173
0.903	-5.117
0.907	-5.062
0.919	-5.015
0.936	-4.969
0.941	-4.922
0.952	-4.885
0.957	-4.848
0.969	-4.811
0.986	-4.773
0.990	-4.736
1.002	-4.699
1.008	-4.662
1.020	-4.625
1.036	-4.578
1.040	-4.532
1.053	-4.476
1.057	-4.420
1.070	-4.364
1.086	-4.308
1.090	-4.253
1.103	-4.197
1.107	-4.141
1.119	-4.094
1.136	-4.067
1.141	-4.039
1.153	-4.011
1.158	-3.983
1.169	-3.955
1.186	-3.946
1.191	-3.936
1.203	-3.936
1.208	-3.936
1.220	-3.936
1.236	-3.936
1.241	-3.936
1.253	-3.936
1.259	-3.936
1.269	-3.927
1.286	-3.918
1.290	-3.908
1.303	-3.899
1.307	-3.890
1.319	-3.871
1.336	-3.853
1.341	-3.834
1.353	-3.815
1.357	-3.797
1.369	-3.788
1.386	-3.769
1.392	-3.750
1.403	-3.732
1.407	-3.713
1.419	-3.704
1.436	-3.695
1.441	-3.676
1.452	-3.657
1.457	-3.639
1.469	-3.620
1.487	-3.602
1.491	-3.583
1.502	-3.574
1.507	-3.564
1.519	-3.555
1.536	-3.546
1.541	-3.536
1.553	-3.527
1.557	-3.518
1.569	-3.499
1.586	-3.490
1.590	-3.481
1.602	-3.481
1.607	-3.481
1.619	-3.481
1.636	-3.471
1.641	-3.462
1.653	-3.443
1.657	-3.425
1.669	-3.416
1.686	-3.397
1.691	-3.378
1.702	-3.360
1.707	-3.341
1.719	-3.323
1.736	-3.304
1.740	-3.285
1.752	-3.267
1.758	-3.248
1.769	-3.230
1.786	-3.211
1.791	-3.192
1.803	-3.174
1.807	-3.155
1.820	-3.137
1.836	-3.118
1.840	-3.099
1.853	-3.090
1.857	-3.081
1.869	-3.071
1.886	-3.062
1.892	-3.053
1.903	-3.044
1.908	-3.034
1.920	-3.034
1.936	-3.034
1.940	-3.034
1.953	-3.034
1.957	-3.034
1.969	-3.025
1.987	-3.016
1.992	-3.006
2.003	-3.006
2.008	-3.006
2.019	-2.997
2.036	-2.997
2.041	-2.997
2.052	-2.997
2.057	-2.997
2.069	-2.997
2.086	-2.997
2.091	-2.997
2.103	-2.988
2.108	-2.978
2.120	-2.960
2.136	-2.951
2.142	-2.941
2.155	-2.932
2.159	-2.923
2.175	-2.923
2.186	-2.923
2.190	-2.923
2.204	-2.923
2.208	-2.923
2.220	-2.923
2.236	-2.913
2.241	-2.904
2.253	-2.895
2.258	-2.885
2.270	-2.876
2.286	-2.867
2.290	-2.858
2.303	-2.858
2.308	-2.858
2.320	-2.848
2.336	-2.830
2.342	-2.811
2.353	-2.792
2.358	-2.774
2.370	-2.746
2.386	-2.718
2.392	-2.690
2.403	-2.662
2.408	-2.634
2.420	-2.606
2.436	-2.569
2.440	-2.532
2.453	-2.495
2.457	-2.458
2.470	-2.411
2.487	-2.365
2.492	-2.318
2.503	-2.272
2.508	-2.225
2.520	-2.169
2.537	-2.114
2.542	-2.058
2.553	-2.002
2.558	-1.946
2.570	-1.881
2.587	-1.816
2.593	-1.751
2.603	-1.676
2.607	-1.602
2.620	-1.528
2.636	-1.453
2.642	-1.379
2.652	-1.295
2.658	-1.211
2.670	-1.128
2.686	-1.053
2.691	-0.979
2.703	-0.914
2.709	-0.849
2.720	-0.784
2.736	-0.719
2.741	-0.653
2.753	-0.598
2.758	-0.542
2.771	-0.477
2.787	-0.402
2.792	-0.328
2.803	-0.244
2.808	-0.161
2.821	-0.077
2.838	0.016
2.842	0.109
2.855	0.211
2.859	0.314
2.871	0.425
2.888	0.537
2.894	0.649
2.905	0.760
2.909	0.872
2.921	0.983
2.939	1.095
2.945	1.207
2.953	1.309
2.958	1.411
2.970	1.504
2.987	1.606
2.993	1.709
3.003	1.811
3.008	1.913
3.021	2.034
3.037	2.155
3.042	2.276
3.054	2.397
3.058	2.518
3.070	2.648
3.087	2.788
3.091	2.927
3.103	3.067
3.108	3.206
3.120	3.346
3.137	3.494
3.142	3.643
3.154	3.783
3.159	3.922
3.188	4.062
3.193	4.192
3.198	4.322
3.204	4.452
3.210	4.582
3.220	4.722
3.237	4.871
3.242	5.020
3.253	5.159
3.258	5.299
3.270	5.429
3.286	5.559
3.291	5.689
3.303	5.819
3.308	5.950
3.320	6.080
3.337	6.201
3.341	6.322
3.354	6.433
3.358	6.545
3.370	6.666
3.386	6.787
3.392	6.907
3.403	7.028
3.408	7.149
3.420	7.279
3.436	7.419
3.441	7.558
3.453	7.698
3.458	7.837
3.469	7.977
3.487	8.107
3.492	8.237
3.503	8.377
3.508	8.516
3.519	8.647
3.553	8.777
3.559	8.907
3.570	9.037
3.575	9.167
3.587	9.298
3.603	9.428
3.609	9.558
3.620	9.679
3.624	9.800
3.637	9.921
3.652	10.042
3.658	10.162
3.669	10.283
3.674	10.404
3.686	10.516
3.703	10.618
3.707	10.720
3.719	10.832
3.724	10.944
3.736	11.046
3.753	11.148
3.757	11.241
3.769	11.334
3.775	11.427
3.786	11.511
3.803	11.595
3.809	11.678
3.819	11.762
3.824	11.846
3.836	11.939
3.853	12.032
3.858	12.134
3.869	12.236
3.875	12.339
3.886	12.450
3.903	12.562
3.907	12.673
3.919	12.776
3.923	12.878
3.936	12.999
3.953	13.120
3.957	13.241
3.969	13.362
3.975	13.483
3.986	13.613
4.003	13.734
4.009	13.855
4.019	13.966
4.025	14.078
4.036	14.189
4.053	14.301
4.058	14.413
4.069	14.506
4.075	14.599
4.086	14.701
4.103	14.803
4.107	14.905
4.120	14.998
4.124	15.091
4.136	15.184
4.153	15.268
4.158	15.352
4.169	15.436
4.174	15.519
4.186	15.612
4.203	15.705
4.208	15.798
4.219	15.891
4.225	15.984
4.236	16.077
4.253	16.170
4.258	16.263
4.269	16.356
4.274	16.449
4.286	16.542
4.303	16.635
4.307	16.728
4.320	16.821
4.324	16.914
4.336	17.007
4.353	17.100
4.357	17.193
4.369	17.286
4.374	17.379
4.386	17.482
4.403	17.584
4.409	17.686
4.419	17.788
4.425	17.881
4.436	17.974
4.453	18.067
4.458	18.160
4.469	18.253
4.474	18.346
4.486	18.439
4.503	18.542
4.508	18.644
4.519	18.746
4.523	18.849
4.536	18.951
4.553	19.044
4.557	19.137
4.569	19.221
4.574	19.304
4.586	19.379
4.603	19.444
4.607	19.509
4.619	19.574
4.624	19.639
4.636	19.695
4.653	19.760
4.658	19.825
4.669	19.890
4.674	19.955
4.686	20.020
4.703	20.086
4.707	20.151
4.719	20.216
4.724	20.281
4.736	20.346
4.753	20.420
4.757	20.495
4.770	20.560
4.774	20.625
4.787	20.699
4.804	20.774
4.808	20.848
4.820	20.923
4.825	20.997
4.837	21.081
4.854	21.164
4.858	21.248
4.870	21.332
4.874	21.415
4.887	21.499
4.903	21.583
4.908	21.667
4.920	21.741
4.924	21.815
4.936	21.871
4.953	21.918
4.959	21.964
4.969	21.992
4.974	22.020
4.986	22.048
5.003	22.066
5.009	22.085
5.019	22.113
5.025	22.141
5.036	22.178
5.053	22.225
5.058	22.271
5.069	22.327
5.075	22.383
5.086	22.438
5.103	22.494
5.107	22.550
5.119	22.624
5.124	22.699
5.136	22.783
5.153	22.857
5.157	22.931
5.169	23.006
5.174	23.080
5.186	23.155
5.203	23.220
5.208	23.285
5.219	23.350
5.224	23.415
5.236	23.471
5.253	23.527
5.257	23.564
5.270	23.601
5.274	23.638
5.286	23.666
5.303	23.675
5.307	23.685
5.320	23.694
5.324	23.703
5.337	23.722
5.353	23.740
5.358	23.759
5.369	23.778
5.375	23.796
5.386	23.833
5.403	23.880
5.408	23.926
5.419	23.992
5.425	24.057
5.436	24.122
5.453	24.187
5.458	24.252
5.469	24.326
5.476	24.401
5.486	24.484
5.503	24.568
5.507	24.652
5.520	24.717
5.525	24.782
5.536	24.847
5.553	24.912
5.557	24.977
5.569	25.024
5.574	25.070
5.586	25.117
5.603	25.145
5.607	25.173
5.619	25.201
5.625	25.228
5.636	25.266
5.653	25.294
5.657	25.321
5.670	25.340
5.676	25.359
5.686	25.377
5.703	25.396
5.707	25.414
5.720	25.424
5.724	25.433
5.736	25.433
5.752	25.433
5.758	25.433
5.770	25.442
5.775	25.452
5.786	25.470
5.803	25.489
5.807	25.507
5.819	25.517
5.824	25.526
5.836	25.545
5.853	25.554
5.859	25.563
5.869	25.573
5.873	25.582
5.886	25.600
5.903	25.619
5.907	25.638
5.920	25.647
5.924	25.656
5.937	25.675
5.953	25.693
5.958	25.712
5.970	25.731
5.975	25.749
5.987	25.768
6.003	25.777
6.008	25.786
6.019	25.796
6.025	25.805
6.037	25.814
6.054	25.824
6.058	25.833
6.070	25.842
6.075	25.852
6.087	25.861
6.103	25.870
6.107	25.879
6.120	25.898
6.126	25.917
6.137	25.926
6.154	25.935
6.159	25.945
6.170	25.954
6.175	25.954
6.187	25.954
6.203	25.963
6.208	25.972
6.220	25.982
6.225	25.991
6.254	26.010
6.258	26.019
6.263	26.028
6.270	26.038
6.274	26.047
6.286	26.047
6.303	26.047
6.308	26.047
6.320	26.047
6.324	26.047
6.336	26.047
6.353	26.047
6.357	26.047
6.370	26.047
6.375	26.047
6.386	26.056
6.403	26.065
6.407	26.075
6.420	26.075
6.425	26.075
6.436	26.075
6.453	26.075
6.458	26.075
6.469	26.075
6.474	26.075
6.486	26.084
6.503	26.093
6.507	26.103
6.519	26.112
6.524	26.121
6.536	26.140
6.553	26.158
6.557	26.177
6.570	26.196
6.574	26.214
6.586	26.242
6.603	26.270
6.609	26.298
6.619	26.326
6.625	26.354
6.637	26.382
6.653	26.400
6.659	26.419
6.670	26.456
6.674	26.493
6.686	26.530
6.703	26.568
6.707	26.605
6.720	26.642
6.724	26.679
6.736	26.716
6.753	26.744
6.759	26.772
6.770	26.800
6.775	26.828
6.786	26.856
6.803	26.884
6.809	26.912
6.819	26.940
6.825	26.968
6.836	26.995
6.853	27.023
6.858	27.051
6.869	27.070
6.873	27.088
6.886	27.098
6.903	27.098
6.907	27.098
6.919	27.098
6.924	27.107
6.936	27.116
6.953	27.126
6.958	27.135
6.969	27.135
6.974	27.135
6.986	27.135
7.003	27.135
7.008	27.135
7.020	27.135
7.025	27.135
7.037	27.135
7.053	27.144
7.057	27.154
7.070	27.163
7.074	27.172
7.086	27.181
7.103	27.191
7.108	27.200
7.119	27.209
7.124	27.219
7.136	27.237
7.153	27.265
7.158	27.293
7.169	27.312
7.174	27.330
7.186	27.349
7.203	27.377
7.209	27.405
7.220	27.433
7.225	27.460
7.236	27.479
7.253	27.498
7.258	27.516
7.270	27.526
7.274	27.535
7.286	27.544
7.303	27.553
7.308	27.563
7.320	27.572
7.324	27.581
7.336	27.591
7.353	27.600
7.357	27.609
7.370	27.619
7.374	27.628
7.387	27.637
7.403	27.637
7.409	27.637
7.420	27.637
7.424	27.637
7.436	27.656
7.453	27.674
7.457	27.693
7.470	27.712
7.475	27.721
7.487	27.730
7.503	27.739
7.508	27.749
7.520	27.749
7.525	27.749
7.537	27.749
7.553	27.758
7.557	27.767
7.570	27.777
7.574	27.786
7.586	27.795
7.603	27.805
7.609	27.814
7.620	27.823
7.625	27.832
7.636	27.832
7.653	27.832
7.659	27.832
7.670	27.832
7.675	27.832
7.687	27.832
7.703	27.832
7.709	27.832
7.720	27.832
7.726	27.832
7.736	27.832
7.753	27.832
7.757	27.832
7.770	27.832
7.774	27.832
7.786	27.832
7.803	27.832
7.808	27.832
7.820	27.832
7.824	27.832
7.836	27.832
7.853	27.832
7.857	27.832
7.869	27.832
7.874	27.832
7.887	27.832
7.904	27.832
7.909	27.832
7.920	27.832
7.924	27.832
7.937	27.832
7.953	27.832
7.958	27.832
7.970	27.832
7.974	27.832
7.986	27.832
8.003	27.832
8.008	27.832
8.020	27.832
8.025	27.832
8.036	27.832
8.053	27.832
8.057	27.832
8.070	27.832
8.074	27.832
8.086	27.832
8.103	27.832
8.108	27.832
8.119	27.832
8.124	27.832
8.136	27.832
8.153	27.832
8.158	27.832
8.170	27.832
8.174	27.832
8.186	27.832
8.203	27.832
8.209	27.832
8.220	27.832
8.226	27.832
8.236	27.832
8.253	27.832
8.258	27.832
8.270	27.832
8.274	27.832
8.303	27.832
8.320	27.832
8.325	27.832
8.337	27.842
8.343	27.851
8.353	27.860
8.370	27.870
8.375	27.879
8.386	27.888
8.391	27.898
8.403	27.907
8.420	27.916
8.426	27.925
8.436	27.935
8.441	27.944
8.454	27.963
8.470	27.981
8.476	28.000
8.487	28.028
8.492	28.056
8.503	28.084
8.520	28.111
8.524	28.139
8.537	28.177
8.541	28.214
8.554	28.260
8.570	28.307
8.575	28.353
8.587	28.400
8.592	28.446
8.604	28.493
8.620	28.549
8.625	28.604
8.638	28.660
8.642	28.716
8.654	28.772
8.671	28.837
8.676	28.902
8.688	28.967
8.693	29.032
8.703	29.097
8.720	29.181
8.725	29.265
8.737	29.348
8.742	29.432
8.754	29.525
8.770	29.618
8.774	29.711
8.787	29.804
8.792	29.897
8.803	29.981
8.820	30.064
8.825	30.148
8.837	30.232
8.842	30.316
8.853	30.399
8.870	30.483
8.874	30.567
8.886	30.660
8.891	30.753
8.903	30.846
8.920	30.948
8.925	31.050
8.936	31.162
8.941	31.273
8.953	31.385
8.970	31.506
8.975	31.627
8.987	31.757
8.991	31.887
9.003	32.027
9.020	32.148
9.024	32.269
9.037	32.389
9.041	32.510
9.053	32.631
9.070	32.743
9.075	32.854
9.087	32.966
9.092	33.078
9.103	33.189
9.120	33.301
9.126	33.412
9.137	33.533
9.141	33.654
9.153	33.775
9.170	33.887
9.174	33.998
9.187	34.110
9.191	34.222
9.203	34.333
9.220	34.445
9.225	34.556
9.236	34.668
9.242	34.780
9.253	34.891
9.270	35.003
9.274	35.114
9.286	35.226
9.291	35.338
9.303	35.458
9.320	35.589
9.326	35.719
9.336	35.849
9.341	35.979
9.370	36.119
9.375	36.258
9.380	36.398
9.387	36.519
9.391	36.640
9.403	36.751
9.420	36.863
9.425	36.974
9.437	37.086
9.441	37.198
9.453	37.281
9.470	37.346
9.475	37.411
9.486	37.467
9.492	37.523
9.503	37.560
9.519	37.597
9.524	37.635
9.536	37.653
9.541	37.672
9.553	37.672
9.570	37.672
9.574	37.672
9.586	37.672
9.590	37.672
9.603	37.672
9.619	37.672
9.624	37.672
9.636	37.672
9.641	37.672
9.653	37.672
9.670	37.672
9.676	37.672
9.687	37.681
9.692	37.690
9.703	37.700
9.720	37.718
9.725	37.737
9.737	37.765
9.741	37.793
9.753	37.830
9.770	37.867
9.775	37.904
9.787	37.942
9.791	37.988
9.804	38.035
9.820	38.081
9.825	38.128
9.837	38.183
9.842	38.239
9.853	38.295
9.872	38.360
9.876	38.425
9.887	38.500
9.892	38.574
9.903	38.648
9.920	38.713
9.924	38.779
9.937	38.862
9.942	38.946
9.953	39.030
9.970	39.113
9.975	39.197
9.987	39.290
9.992	39.383
10.003	39.476
10.020	39.569
10.025	39.662
10.037	39.736
10.041	39.811
10.053	39.885
10.070	39.960
10.075	40.034
10.087	40.108
10.091	40.174
10.103	40.239
10.120	40.304
10.124	40.369
10.136	40.443
10.141	40.518
10.153	40.601
10.170	40.685
10.176	40.769
10.186	40.852
10.192	40.936
10.203	41.029
10.220	41.122
10.225	41.215
10.236	41.327
10.241	41.438
10.253	41.550
10.269	41.662
10.273	41.773
10.287	41.885
10.291	41.996
10.303	42.108
10.319	42.220
10.324	42.331
10.336	42.424
10.340	42.517
10.353	42.610
10.370	42.703
10.376	42.796
10.387	42.898
10.393	43.001
10.403	43.103
10.419	43.215
10.425	43.326
10.436	43.438
10.441	43.549
10.454	43.661
10.469	43.773
10.474	43.884
10.486	43.996
10.491	44.107
10.503	44.219
10.520	44.331
10.524	44.442
10.537	44.554
10.541	44.665
10.553	44.777
10.570	44.889
10.575	45.000
10.586	45.103
10.592	45.205
10.603	45.298
10.620	45.400
10.625	45.502
10.636	45.605
10.641	45.707
10.653	45.819
10.670	45.930
10.674	46.042
10.687	46.153
10.692	46.265
10.703	46.377
10.720	46.498
10.725	46.618
10.736	46.739
10.741	46.860
10.753	46.981
10.770	47.102
10.776	47.223
10.786	47.344
10.790	47.465
10.803	47.576
10.820	47.688
10.825	47.800
10.836	47.911
10.842	48.023
10.853	48.134
10.870	48.227
10.875	48.320
10.886	48.423
10.891	48.525
10.903	48.627
10.920	48.730
10.925	48.832
10.937	48.925
10.942	49.018
10.953	49.111
10.970	49.204
10.975	49.297
10.987	49.399
10.991	49.501
11.003	49.604
11.020	49.706
11.026	49.808
11.038	49.911
11.042	50.013
11.054	50.115
11.070	50.199
11.075	50.283
11.087	50.376
11.093	50.469
11.103	50.562
11.120	50.636
11.125	50.710
11.137	50.794
11.142	50.878
11.154	50.971
11.170	51.064
11.175	51.157
11.187	51.250
11.191	51.343
11.203	51.436
11.220	51.529
11.225	51.622
11.236	51.715
11.242	51.808
11.254	51.901
11.270	52.003
11.275	52.105
11.287	52.208
11.293	52.310
11.304	52.412
11.320	52.515
11.325	52.617
11.336	52.719
11.341	52.821
11.353	52.914
11.370	53.007
11.374	53.100
11.386	53.184
11.391	53.268
11.403	53.333
11.419	53.389
11.424	53.445
11.436	53.491
11.441	53.538
11.453	53.584
11.470	53.640
11.475	53.696
11.487	53.751
11.492	53.807
11.503	53.863
11.520	53.919
11.525	53.975
11.536	54.030
11.541	54.096
11.553	54.161
11.569	54.235
11.574	54.309
11.587	54.384
11.592	54.458
11.603	54.542
11.620	54.626
11.625	54.709
11.637	54.793
11.642	54.877
11.653	54.970
11.670	55.063
11.675	55.156
11.686	55.221
11.690	55.286
11.703	55.342
11.720	55.398
11.724	55.435
11.736	55.472
11.740	55.509
11.753	55.546
11.769	55.584
11.774	55.621
11.786	55.658
11.792	55.695
11.803	55.732
11.820	55.779
11.825	55.825
11.837	55.881
11.842	55.937
11.853	56.002
11.870	56.067
11.874	56.132
11.886	56.207
11.891	56.281
11.903	56.355
11.920	56.439
11.924	56.523
11.936	56.625
11.942	56.727
11.953	56.839
11.970	56.951
11.976	57.062
11.987	57.165
11.992	57.267
12.004	57.369
12.020	57.444
12.024	57.518
12.038	57.564
12.042	57.611
12.053	57.648
12.070	57.676
12.074	57.704
12.087	57.741
12.091	57.778
12.104	57.816
12.120	57.853
12.125	57.890
12.137	57.936
12.141	57.983
12.171	58.029
12.177	58.085
12.182	58.141
12.188	58.188
12.194	58.234
12.203	58.281
12.221	58.327
12.226	58.374
12.238	58.429
12.243	58.485
12.253	58.532
12.270	58.578
12.275	58.625
12.286	58.671
12.290	58.718
12.304	58.764
12.321	58.811
12.325	58.857
12.337	58.894
12.341	58.932
12.366	58.950
12.382	58.969
12.387	58.987
12.399	59.006
12.403	59.025
12.415	59.043
12.432	59.071
12.437	59.099
12.448	59.127
12.453	59.155
12.465	59.183
12.481	59.220
12.486	59.257
12.498	59.294
12.503	59.332
12.515	59.378
12.532	59.415
12.537	59.452
12.548	59.490
12.554	59.527
12.565	59.573
12.581	59.611
12.585	59.648
12.598	59.676
12.603	59.704
12.615	59.722
12.631	59.731
12.636	59.741
12.648	59.750
12.653	59.759
12.665	59.769
12.681	59.769
12.686	59.769
12.698	59.769
12.703	59.769
12.715	59.769
12.731	59.769
12.737	59.769
12.748	59.769
12.753	59.769
12.765	59.778
12.782	59.797
12.786	59.815
12.798	59.815
12.803	59.815
12.815	59.824
12.832	59.834
12.836	59.843
12.848	59.852
12.854	59.862
12.865	59.871
12.881	59.880
12.886	59.890
12.898	59.899
12.903	59.908
12.915	59.917
12.931	59.927
12.936	59.936
12.948	59.945
12.953	59.955
12.965	59.973
12.981	59.992
12.986	60.010
12.998	60.020
13.002	60.029
13.015	60.038
13.048	60.048
13.052	60.057
13.057	60.066
13.062	60.076
13.070	60.103
13.087	60.122
13.091	60.141
13.103	60.159
13.108	60.178
13.120	60.196
13.137	60.215
13.142	60.234
13.153	60.252
13.158	60.271
13.170	60.280
13.186	60.289
13.192	60.299
13.203	60.317
13.209	60.336
13.220	60.345
13.237	60.355
13.242	60.364
13.253	60.373
13.258	60.382
13.270	60.392
13.287	60.401
13.291	60.410
13.304	60.429
13.309	60.448
13.320	60.457
13.337	60.466
13.342	60.475
13.354	60.485
13.359	60.494
13.370	60.503
13.387	60.503
13.392	60.503
13.403	60.513
13.409	60.522
13.420	60.531
13.437	60.541
13.443	60.550
13.454	60.559
13.459	60.568
13.470	60.568
13.486	60.568
13.491	60.568
13.504	60.578
13.509	60.587
13.520	60.587
13.537	60.587
13.542	60.587
13.553	60.596
13.559	60.606
13.570	60.606
13.587	60.606
13.593	60.606
13.604	60.606
13.609	60.606
13.621	60.606
13.637	60.606
13.643	60.606
13.654	60.615
13.659	60.624
13.670	60.643
13.687	60.652
13.692	60.661
13.704	60.671
13.709	60.680
13.720	60.689
13.737	60.699
13.741	60.708
13.753	60.717
13.758	60.727
13.770	60.736
13.787	60.754
13.793	60.773
13.803	60.792
13.808	60.810
13.821	60.820
13.837	60.838
13.841	60.857
13.853	60.866
13.858	60.875
13.870	60.894
13.886	60.922
13.891	60.950
13.904	60.978
13.908	61.006
13.919	61.024
13.937	61.043
13.941	61.061
13.953	61.089
13.958	61.117
13.970	61.145
13.987	61.173
13.991	61.201
14.003	61.229
14.008	61.257
14.020	61.285
14.037	61.312
14.041	61.340
14.054	61.378
14.059	61.415
14.070	61.443
14.087	61.471
14.092	61.498
14.103	61.526
14.108	61.554
14.120	61.582
14.137	61.629
14.142	61.675
14.154	61.722
14.158	61.768
14.170	61.815
14.186	61.861
14.192	61.908
14.203	61.963
14.209	62.019
14.220	62.084
14.237	62.150
14.241	62.215
14.253	62.289
14.258	62.363
14.270	62.438
14.287	62.512
14.292	62.587
14.303	62.670
14.308	62.754
14.320	62.847
14.336	62.940
14.341	63.033
14.353	63.126
14.358	63.219
14.370	63.312
14.387	63.405
14.391	63.498
14.403	63.582
14.408	63.665
14.420	63.749
14.437	63.823
14.441	63.898
14.453	63.972
14.459	64.047
14.470	64.121
14.486	64.196
14.491	64.270
14.503	64.344
14.508	64.419
14.520	64.502
14.537	64.586
14.543	64.670
14.554	64.763
14.560	64.856
14.570	64.949
14.588	65.051
14.593	65.153
14.604	65.265
14.609	65.377
14.620	65.507
14.637	65.637
14.642	65.767
14.653	65.897
14.658	66.028
14.671	66.167
14.688	66.288
14.692	66.409
14.704	66.530
14.709	66.651
14.721	66.762
14.737	66.874
14.742	66.986
14.753	67.088
14.758	67.190
14.771	67.292
14.787	67.395
14.793	67.497
14.804	67.599
14.809	67.702
14.820	67.804
14.837	67.906
14.854	68.009
14.859	68.130
14.864	68.250
14.870	68.390
14.887	68.520
14.891	68.650
14.903	68.790
14.908	68.929
14.920	69.069
14.937	69.190
14.941	69.311
14.954	69.432
14.959	69.552
14.970	69.673
14.987	69.794
14.993	69.915
15.003	70.036
15.008	70.157
15.020	70.278
15.037	70.389
15.041	70.501
15.053	70.613
15.058	70.724
15.070	70.845
15.086	70.975
15.091	71.106
15.103	71.236
15.108	71.366
15.120	71.505
15.136	71.626
15.141	71.747
15.153	71.859
15.158	71.970
15.170	72.073
15.186	72.175
15.191	72.277
15.203	72.380
15.208	72.482
15.220	72.575
15.237	72.668
15.242	72.761
15.253	72.845
15.258	72.928
15.269	73.031
15.287	73.133
15.292	73.235
15.303	73.338
15.309	73.440
15.320	73.561
15.337	73.691
15.342	73.821
15.353	73.951
15.358	74.082
15.370	74.193
15.387	74.305
15.391	74.416
15.403	74.519
15.409	74.621
15.420	74.714
15.437	74.807
15.441	74.900
15.453	74.993
15.458	75.086
15.470	75.170
15.486	75.253
15.492	75.337
15.503	75.430
15.509	75.523
15.520	75.616
15.537	75.718
15.542	75.821
15.553	75.932
15.558	76.044
15.570	76.156
15.586	76.267
15.591	76.379
15.603	76.500
15.609	76.621
15.620	76.732
15.636	76.844
15.641	76.955
15.654	77.067
15.658	77.179
15.670	77.290
15.687	77.411
15.691	77.532
15.703	77.653
15.708	77.774
15.720	77.885
15.736	77.988
15.741	78.090
15.753	78.192
15.759	78.295
15.769	78.397
15.787	78.499
15.791	78.602
15.803	78.713
15.809	78.825
15.820	78.936
15.837	79.048
15.842	79.160
15.853	79.271
15.859	79.383
15.870	79.494
15.887	79.615
15.893	79.736
15.904	79.866
15.909	79.997
15.920	80.118
15.937	80.238
15.941	80.359
15.953	80.480
15.958	80.601
15.970	80.713
15.987	80.824
15.993	80.936
16.003	81.048
16.009	81.159
16.020	81.271
16.037	81.382
16.041	81.494
16.054	81.606
16.059	81.717
16.071	81.838
16.089	81.959
16.093	82.080
16.103	82.201
16.108	82.322
16.120	82.443
16.136	82.563
16.141	82.694
16.153	82.824
16.159	82.954
16.171	83.084
16.187	83.196
16.191	83.307
16.204	83.410
16.210	83.512
16.220	83.596
16.237	83.679
16.242	83.763
16.253	83.847
16.258	83.931
16.270	84.005
16.287	84.079
16.293	84.154
16.303	84.219
16.308	84.284
16.320	84.349
16.337	84.414
16.343	84.479
16.353	84.554
16.358	84.628
16.370	84.703
16.386	84.786
16.392	84.870
16.403	84.963
16.408	85.056
16.420	85.149
16.437	85.242
16.441	85.335
16.453	85.428
16.458	85.521
16.470	85.605
16.487	85.679
16.491	85.753
16.503	85.828
16.509	85.902
16.520	85.967
16.536	86.014
16.541	86.060
16.554	86.107
16.558	86.153
16.570	86.191
16.587	86.218
16.592	86.246
16.603	86.274
16.608	86.311
16.620	86.349
16.637	86.386
16.641	86.423
16.653	86.470
16.657	86.516
16.670	86.572
16.687	86.628
16.691	86.683
16.703	86.739
16.708	86.795
16.720	86.869
16.737	86.953
16.741	87.037
16.753	87.130
16.758	87.223
16.770	87.307
16.787	87.390
16.791	87.474
16.803	87.558
16.808	87.641
16.820	87.725
16.836	87.799
16.841	87.874
16.853	87.939
16.859	88.004
16.870	88.060
16.887	88.116
16.891	88.172
16.904	88.209
16.909	88.246
16.920	88.274
16.937	88.311
16.941	88.348
16.954	88.376
16.959	88.404
16.970	88.432
16.987	88.469
16.992	88.506
17.003	88.553
17.008	88.599
17.020	88.646
17.037	88.702
17.041	88.757
17.053	88.813
17.058	88.869
17.070	88.925
17.087	88.999
17.091	89.074
17.103	89.157
17.109	89.241
17.120	89.325
17.137	89.408
17.142	89.492
17.153	89.576
17.158	89.669
17.170	89.762
17.186	89.846
17.192	89.929
17.208	90.004
17.213	90.078
17.220	90.143
17.237	90.199
17.243	90.255
17.254	90.311
17.258	90.366
17.271	90.413
17.287	90.459
17.291	90.506
17.304	90.543
17.308	90.580
17.320	90.627
17.337	90.673
17.341	90.720
17.353	90.766
17.358	90.813
17.370	90.869
17.386	90.924
17.391	90.980
17.403	91.036
17.408	91.092
17.420	91.148
17.436	91.203
17.442	91.259
17.453	91.315
17.459	91.371
17.470	91.417
17.486	91.464
17.491	91.510
17.503	91.557
17.508	91.603
17.520	91.650
17.537	91.696
17.541	91.743
17.553	91.789
17.558	91.836
17.570	91.892
17.587	91.938
17.593	91.985
17.605	92.031
17.609	92.078
17.620	92.115
17.637	92.152
17.642	92.189
17.654	92.208
17.659	92.226
17.670	92.254
17.687	92.282
17.692	92.310
17.704	92.338
17.708	92.366
17.721	92.394
17.737	92.422
17.741	92.450
17.754	92.478
17.758	92.505
17.771	92.533
17.805	92.571
17.809	92.608
17.821	92.645
17.827	92.673
17.838	92.701
17.854	92.729
17.859	92.757
17.871	92.775
17.876	92.794
17.887	92.803
17.903	92.812
17.908	92.822
17.921	92.831
17.926	92.840
17.937	92.850
17.954	92.859
17.958	92.868
17.971	92.887
17.977	92.905
17.987	92.915
18.005	92.924
18.011	92.933
18.021	92.943
18.026	92.952
18.037	92.970
18.053	92.989
18.058	93.008
18.070	93.026
18.074	93.045
18.087	93.063
18.104	93.082
18.108	93.101
18.121	93.129
18.125	93.156
18.138	93.184
18.154	93.212
18.158	93.240
18.170	93.268
18.174	93.296
18.187	93.333
18.204	93.370
18.208	93.408
18.221	93.445
18.225	93.482
18.237	93.519
18.254	93.556
18.259	93.594
18.270	93.640
18.275	93.687
18.287	93.733
18.304	93.780
18.308	93.826
18.320	93.873
18.325	93.919
18.337	93.966
18.353	94.003
18.358	94.040
18.370	94.077
18.375	94.114
18.387	94.152
18.403	94.189
18.409	94.226
18.421	94.254
18.426	94.282
18.437	94.310
18.454	94.328
18.459	94.347
18.470	94.365
18.475	94.384
18.487	94.403
18.504	94.412
18.510	94.421
18.520	94.431
18.525	94.440
18.537	94.449
18.554	94.458
18.559	94.468
18.570	94.468
18.575	94.468
18.587	94.477
18.604	94.486
18.608	94.496
18.620	94.496
18.626	94.496
18.637	94.505
18.654	94.514
18.658	94.524
18.671	94.542
18.676	94.561
18.688	94.579
18.704	94.598
18.708	94.617
18.720	94.635
18.726	94.654
18.737	94.663
18.753	94.672
18.758	94.682
18.770	94.691
18.775	94.700
18.787	94.710
18.803	94.710
18.809	94.710
18.820	94.710
18.825	94.710
18.837	94.710
18.854	94.710
18.858	94.710
18.871	94.710
18.875	94.710
18.887	94.710
18.904	94.719
18.908	94.728
18.920	94.737
18.925	94.747
18.937	94.756
18.954	94.765
18.959	94.775
18.971	94.775
18.977	94.775
18.987	94.793
19.004	94.803
19.008	94.812
19.020	94.830
19.025	94.849
19.037	94.868
19.053	94.896
19.058	94.923
19.071	94.951
19.076	94.979
19.087	95.016
19.104	95.063
19.108	95.109
19.120	95.156
19.125	95.202
19.137	95.249
19.154	95.305
19.160	95.361
19.170	95.416
19.175	95.472
19.187	95.537
19.204	95.593
19.210	95.649
19.221	95.705
19.225	95.760
19.237	95.826
19.253	95.891
19.258	95.956
19.270	96.030
19.275	96.105
19.287	96.179
19.304	96.253
19.309	96.328
19.320	96.412
19.325	96.495
19.337	96.579
19.354	96.663
19.358	96.746
19.370	96.830
19.375	96.914
19.387	96.997
19.403	97.081
19.408	97.165
19.420	97.239
19.424	97.314
19.437	97.397
19.453	97.481
19.458	97.565
19.470	97.648
19.475	97.732
19.487	97.816
19.504	97.918
19.508	98.020
19.521	98.123
19.525	98.225
19.537	98.337
19.554	98.439
19.558	98.541
19.570	98.653
19.576	98.764
19.587	98.876
19.604	98.988
19.609	99.099
19.621	99.211
19.625	99.322
19.637	99.434
19.654	99.536
19.658	99.639
19.670	99.741
19.674	99.843
19.687	99.946
19.708	100.057
19.713	100.169
19.720	100.280
19.725	100.392
19.737	100.513
19.754	100.643
19.758	100.773
19.771	100.904
19.776	101.034
19.787	101.164
19.804	101.294
19.809	101.424
19.820	101.536
19.825	101.648
19.837	101.750
19.854	101.852
19.858	101.936
19.870	102.020
19.876	102.103
19.887	102.196
19.904	102.280
19.908	102.364
19.920	102.457
19.925	102.550
19.937	102.643
19.953	102.736
19.958	102.829
19.970	102.931
19.974	103.033
19.987	103.154
20.004	103.284
20.008	103.415
20.020	103.545
20.025	103.675
20.037	103.805
20.053	103.935
20.058	104.066
20.071	104.177
20.075	104.289
20.087	104.400
20.103	104.503
20.108	104.605
20.120	104.717
20.126	104.828
20.137	104.940
20.153	105.033
20.158	105.126
20.170	105.219
20.175	105.312
20.187	105.414
20.203	105.526
20.208	105.637
20.220	105.758
20.225	105.879
20.237	106.000
20.253	106.130
20.258	106.260
20.270	106.381
20.275	106.502
20.287	106.605
20.305	106.698
20.311	106.791
20.320	106.884
20.325	106.967
20.337	107.051
20.353	107.135
20.358	107.218
20.370	107.302
20.376	107.386
20.387	107.479
20.404	107.572
20.408	107.665
20.420	107.758
20.424	107.851
20.437	107.944
20.453	108.055
20.459	108.167
20.470	108.297
20.474	108.427
20.487	108.567
20.503	108.697
20.508	108.827
20.520	108.958
20.525	109.088
20.536	109.199
20.554	109.311
20.558	109.423
20.570	109.525
20.576	109.627
20.587	109.739
20.604	109.850
20.609	109.962
20.620	110.064
20.653	-15.000
20.658	0.000
